<?xml version="1.0" encoding="UTF-8" standalone="no" ?>
<SimscapeMultibodyImportXML version="2.0" xmlns="urn:mathworks:SimscapeMultibody:import" xmlns:xsi="http://www.w3.org/2001/XMLSchema-instance">
<Created by="" on="06/17/21||15:32:26" using="Simscape Multibody Link Version 7.2" from="SolidWorks 29.0.0"/>
<ModelUnits mass="kilogram" length="millimeter"/>
<DataUnits mass="kilogram" length="meter"/>
<RootAssembly name="Ensamblaje1" uid="Ensamblaje1" version="348">
<AssemblyFile name="Ensamblaje1.SLDASM" type="SolidWorks Assembly"/>
<InstanceTree>
<Instance name="union-2" uid="union-2" entityUid="union*:*Predeterminado">
<Transform>
<Rotation>0.49999999999999983 -0.38608219899961121 0.77520354463561691 0 0.89512795034425074 0.44580932304349669 -0.86602540378443871 -0.22290466152174818 0.44756397517212521</Rotation>
<Translation>-0.36477514555433294 0.018696487042567326 -0.37687931933081903</Translation>
</Transform>
</Instance>
<Instance name="union-1" uid="union-1" entityUid="union*:*Predeterminado">
<Transform>
<Rotation>1 0 0 0 -0.85258111181366103 0.52259491748253917 0 -0.52259491748253917 -0.85258111181366103</Rotation>
<Translation>-5.0807569074708249e-07 -0.011395366255245939 0.25394053519603105</Translation>
</Transform>
</Instance>
<Instance name="barra_l_min-1" uid="barra_l_min-1" entityUid="barra_l_min*:*Predeterminado">
<Transform>
<Rotation>0 -0.99873556305675304 -0.050272010957496373 -0.52259491748253906 0.042860966995250833 -0.85150307675876891 0.8525811118136607 0.026271897418014067 -0.52193412916252124</Rotation>
<Translation>0.024999491924309256 -0.0087823916678332337 0.24967762963696277</Translation>
</Transform>
</Instance>
<Instance name="barra_l_min-2" uid="barra_l_min-2" entityUid="barra_l_min*:*Predeterminado">
<Transform>
<Rotation>-5.9327542878406793e-16 0.99873556305675304 0.05027201095749629 -0.52259491748253906 -0.042860966995251042 0.85150307675876913 0.85258111181366092 -0.026271897418013567 0.52193412916252102</Rotation>
<Translation>-0.05968819563636317 -0.59631951463138388 -0.11045691948517673</Translation>
</Transform>
</Instance>
<Instance name="BASE-MOTORES-1" uid="BASE-MOTORES-1" entityUid="BASE-MOTORES*:*Predeterminado">
<Transform>
<Rotation>1 0 0 0 1 0 0 0 1</Rotation>
<Translation>0 0 0</Translation>
</Transform>
</Instance>
<Instance name="union-4" uid="union-4" entityUid="union*:*Predeterminado">
<Transform>
<Rotation>1 -5.4766486877694593e-16 5.4265031609745619e-16 -7.5051983715302194e-16 -0.85258111181366114 0.52259491748253906 1.7645439174419447e-16 -0.52259491748253906 -0.85258111181366114</Rotation>
<Translation>-0.034688195636363169 -0.59893248921879649 -0.10619401392610837</Translation>
</Transform>
</Instance>
<Instance name="union-3" uid="union-3" entityUid="union*:*Predeterminado">
<Transform>
<Rotation>-0.49999999999999983 -0.46026942507713514 -0.73358847887570044 0 -0.84707501150658726 0.53147335293607645 -0.86602540378443882 0.265736676468038 0.42353750575329346</Rotation>
<Translation>0.36361744177515787 -0.015037100784388305 -0.37621091874227031</Translation>
</Transform>
</Instance>
<Instance name="barra_l_min-5" uid="barra_l_min-5" entityUid="barra_l_min*:*Predeterminado">
<Transform>
<Rotation>-0.73358847887570033 -0.47888646833831716 -0.48219881180203045 0.53147335293607645 0.037933954952217894 -0.84622520062957707 0.42353750575329346 -0.87705687700635304 0.2266874846923449</Rotation>
<Translation>0.37978538416953633 -0.017694467549068713 -0.35667797117642586</Translation>
</Transform>
</Instance>
<Instance name="barra_L-1" uid="barra_L-1" entityUid="barra_L*:*Predeterminado">
<Transform>
<Rotation>1 1.3369885289873437e-16 0 -1.3448267723167567e-16 0.99607605628159668 -0.088501356500910455 0 0.088501356500910455 0.99607605628159668</Rotation>
<Translation>-0.0050005080756907461 0.012500000000000002 -0.014999999999999993</Translation>
</Transform>
</Instance>
<Instance name="barra_l_min-6" uid="barra_l_min-6" entityUid="barra_l_min*:*Predeterminado">
<Transform>
<Rotation>-0.73358847887570033 0.47888646833831738 0.48219881180203039 0.53147335293607634 -0.037933954952217915 0.84622520062957707 0.42353750575329341 0.87705687700635293 -0.22668748469234476</Rotation>
<Translation>0.022068204026135449 -0.60158985598347681 -0.24356487692792972</Translation>
</Transform>
</Instance>
<Instance name="barra_l_min-4" uid="barra_l_min-4" entityUid="barra_l_min*:*Predeterminado">
<Transform>
<Rotation>0.77520354463561669 0.50211223323940113 -0.38333114876789826 0.44580932304349657 -0.004914665872643686 0.89511445834980197 0.44756397517212526 -0.86478850090105919 -0.22765618119748876</Rotation>
<Translation>-0.091652670627661054 -0.60116153583401366 -0.24368500927502362</Translation>
</Transform>
</Instance>
<Instance name="barra_L-3" uid="barra_L-3" entityUid="barra_L*:*Predeterminado">
<Transform>
<Rotation>-0.49999999999999878 0.08832529194760283 0.86150951405215026 5.8286708792820718e-16 0.99478549969486441 -0.10198926216440113 -0.86602540378443937 -0.050994631082199926 -0.49739274984743104</Rotation>
<Translation>0.1335098729810773 0.012499999999999997 -0.23758474926454143</Translation>
</Transform>
</Instance>
<Instance name="barra_L-2" uid="barra_L-2" entityUid="barra_L*:*Predeterminado">
<Transform>
<Rotation>0.49999999999999917 0.019875241455867929 0.86579730582687286 5.5511151231257827e-16 0.99973661516559509 -0.022949952009508695 -0.86602540378443904 0.011474976004754806 0.49986830758279671</Rotation>
<Translation>-0.36727514555433299 0.018696487042567378 -0.37254919231189676</Translation>
</Transform>
</Instance>
<Instance name="barra_l_min-3" uid="barra_l_min-3" entityUid="barra_l_min*:*Predeterminado">
<Transform>
<Rotation>-0.77520354463561669 -0.50211223323940113 -0.38333114876789859 -0.44580932304349674 0.00491466587264347 0.89511445834980219 -0.44756397517212509 0.8647885009010593 -0.22765618119748865</Rotation>
<Translation>-0.10890063518130488 -0.59670344260357866 -0.1959080993340804</Translation>
</Transform>
</Instance>
<Instance name="union-5" uid="union-5" entityUid="union*:*Predeterminado">
<Transform>
<Rotation>-0.49999999999999867 0.3860821989996131 0.7752035446356168 -2.2343238370581275e-15 -0.89512795034425063 0.4458093230434968 0.86602540378443948 0.22290466152174618 0.44756397517212498</Rotation>
<Translation>-0.100276652904483 -0.59893248921879583 -0.21979655430455208</Translation>
</Transform>
</Instance>
<Instance name="base_movil-1" uid="base_movil-1" entityUid="base_movil*:*Predeterminado">
<Transform>
<Rotation>1 0 0 0 1 0 0 0 1</Rotation>
<Translation>-0.089218154301220126 -0.60643248921879667 -0.11782824206653428</Translation>
</Transform>
</Instance>
<Instance name="union-6" uid="union-6" entityUid="union*:*Predeterminado">
<Transform>
<Rotation>-0.49999999999999817 -0.46026942507713703 -0.73358847887570044 2.9976021664879227e-15 -0.84707501150658726 0.53147335293607623 -0.86602540378443993 0.265736676468035 0.42353750575329341</Rotation>
<Translation>0.030900261631757076 -0.59893248921879627 -0.21979655430455236</Translation>
</Transform>
</Instance>
</InstanceTree>
<Constraints>
<Coincident name="Coincidente1">
<ConstraintGeometry geomType="plane">
<InstancePath>
<Uid>BASE-MOTORES-1</Uid>
</InstancePath>
<Position>0 0 0</Position>
<Axis>0 0 1</Axis>
</ConstraintGeometry>
<ConstraintGeometry geomType="plane">
<InstancePath>
<Uid>Ensamblaje1</Uid>
</InstancePath>
<Position>0 0 0</Position>
<Axis>0 0 1</Axis>
</ConstraintGeometry>
</Coincident>
<Coincident name="Coincidente2">
<ConstraintGeometry geomType="plane">
<InstancePath>
<Uid>BASE-MOTORES-1</Uid>
</InstancePath>
<Position>0 0 0</Position>
<Axis>0 1 0</Axis>
</ConstraintGeometry>
<ConstraintGeometry geomType="plane">
<InstancePath>
<Uid>Ensamblaje1</Uid>
</InstancePath>
<Position>0 0 0</Position>
<Axis>0 1 0</Axis>
</ConstraintGeometry>
</Coincident>
<Coincident name="Coincidente3">
<ConstraintGeometry geomType="plane">
<InstancePath>
<Uid>BASE-MOTORES-1</Uid>
</InstancePath>
<Position>0 0 0</Position>
<Axis>1 0 0</Axis>
</ConstraintGeometry>
<ConstraintGeometry geomType="plane">
<InstancePath>
<Uid>Ensamblaje1</Uid>
</InstancePath>
<Position>0 0 0</Position>
<Axis>1 0 0</Axis>
</ConstraintGeometry>
</Coincident>
<Concentric name="Concéntrica1">
<ConstraintGeometry geomType="cylinder">
<InstancePath>
<Uid>BASE-MOTORES-1</Uid>
</InstancePath>
<Position>0.24367949192431138 0.012500000000000001 -0.014999999999999993</Position>
<Axis>-1 0 0</Axis>
</ConstraintGeometry>
<ConstraintGeometry geomType="cylinder">
<InstancePath>
<Uid>barra_L-1</Uid>
</InstancePath>
<Position>0.01 0 0</Position>
<Axis>-1 0 0</Axis>
</ConstraintGeometry>
</Concentric>
<Coincident name="Coincidente4">
<ConstraintGeometry geomType="plane">
<InstancePath>
<Uid>BASE-MOTORES-1</Uid>
</InstancePath>
<Position>-0.0050005080756907461 0.012500000000000002 -0.015000000000000624</Position>
<Axis>1 0 9.8809849191638948e-15</Axis>
</ConstraintGeometry>
<ConstraintGeometry geomType="plane">
<InstancePath>
<Uid>barra_L-1</Uid>
</InstancePath>
<Position>0 0 0</Position>
<Axis>-1 0 0</Axis>
</ConstraintGeometry>
</Coincident>
<Concentric name="Concéntrica2">
<ConstraintGeometry geomType="cylinder">
<InstancePath>
<Uid>BASE-MOTORES-1</Uid>
</InstancePath>
<Position>0.25284936490538878 0.012500000000000002 -0.030882685902178353</Position>
<Axis>-0.49999999999999983 0 -0.86602540378443893</Axis>
</ConstraintGeometry>
<ConstraintGeometry geomType="cylinder">
<InstancePath>
<Uid>barra_L-3</Uid>
</InstancePath>
<Position>0.0099999999999999534 0 0</Position>
<Axis>-1 0 0</Axis>
</ConstraintGeometry>
</Concentric>
<Coincident name="Coincidente5">
<ConstraintGeometry geomType="plane">
<InstancePath>
<Uid>BASE-MOTORES-1</Uid>
</InstancePath>
<Position>0.13350987298107736 0.012500000000000002 -0.23758474926454151</Position>
<Axis>-0.49999999999999978 0 -0.86602540378443871</Axis>
</ConstraintGeometry>
<ConstraintGeometry geomType="plane">
<InstancePath>
<Uid>barra_L-3</Uid>
</InstancePath>
<Position>0 0 0</Position>
<Axis>-1 0 0</Axis>
</ConstraintGeometry>
</Coincident>
<Concentric name="Concéntrica3">
<ConstraintGeometry geomType="cylinder">
<InstancePath>
<Uid>BASE-MOTORES-1</Uid>
</InstancePath>
<Position>-0.25284936490538878 0.012500000000000002 -0.030882685902178353</Position>
<Axis>0.49999999999999983 0 -0.86602540378443893</Axis>
</ConstraintGeometry>
<ConstraintGeometry geomType="cylinder">
<InstancePath>
<Uid>barra_L-2</Uid>
</InstancePath>
<Position>0.010000000000000064 0 0.26999999999999996</Position>
<Axis>-1 0 0</Axis>
</ConstraintGeometry>
</Concentric>
<Coincident name="Coincidente6">
<ConstraintGeometry geomType="plane">
<InstancePath>
<Uid>BASE-MOTORES-1</Uid>
</InstancePath>
<Position>-0.13350987298107736 0.012500000000000002 -0.23758474926454151</Position>
<Axis>0.49999999999999978 0 -0.86602540378443871</Axis>
</ConstraintGeometry>
<ConstraintGeometry geomType="plane">
<InstancePath>
<Uid>barra_L-2</Uid>
</InstancePath>
<Position>0 0 0</Position>
<Axis>-1 0 0</Axis>
</ConstraintGeometry>
</Coincident>
<Concentric name="Concéntrica4">
<ConstraintGeometry geomType="cylinder">
<InstancePath>
<Uid>barra_L-1</Uid>
</InstancePath>
<Position>0.010000000000000002 0 0.26999999999999991</Position>
<Axis>-1 0 0</Axis>
</ConstraintGeometry>
<ConstraintGeometry geomType="cylinder">
<InstancePath>
<Uid>union-1</Uid>
</InstancePath>
<Position>0.0050000000000000001 0 0</Position>
<Axis>-1 0 0</Axis>
</ConstraintGeometry>
</Concentric>
<Coincident name="Coincidente7">
<ConstraintGeometry geomType="plane">
<InstancePath>
<Uid>barra_L-1</Uid>
</InstancePath>
<Position>0 0 0</Position>
<Axis>-1 0 0</Axis>
</ConstraintGeometry>
<ConstraintGeometry geomType="plane">
<InstancePath>
<Uid>union-1</Uid>
</InstancePath>
<Position>-0.0050000000000000001 0 0</Position>
<Axis>1 0 0</Axis>
</ConstraintGeometry>
</Coincident>
<Concentric name="Concéntrica5">
<ConstraintGeometry geomType="cylinder">
<InstancePath>
<Uid>barra_L-3</Uid>
</InstancePath>
<Position>0.0099999999999999534 0 0.27000000000000007</Position>
<Axis>-1 0 0</Axis>
</ConstraintGeometry>
<ConstraintGeometry geomType="cylinder">
<InstancePath>
<Uid>union-3</Uid>
</InstancePath>
<Position>0.0050000000000000322 0 0</Position>
<Axis>-1.0000000000000002 0 0</Axis>
</ConstraintGeometry>
</Concentric>
<Coincident name="Coincidente8">
<ConstraintGeometry geomType="plane">
<InstancePath>
<Uid>barra_L-3</Uid>
</InstancePath>
<Position>0 0 0</Position>
<Axis>-1 0 0</Axis>
</ConstraintGeometry>
<ConstraintGeometry geomType="plane">
<InstancePath>
<Uid>union-3</Uid>
</InstancePath>
<Position>-0.0049999999999999767 0 0</Position>
<Axis>1.0000000000000002 0 0</Axis>
</ConstraintGeometry>
</Coincident>
<Concentric name="Concéntrica6">
<ConstraintGeometry geomType="cylinder">
<InstancePath>
<Uid>barra_L-2</Uid>
</InstancePath>
<Position>0.010000000000000009 0 0</Position>
<Axis>-1 0 0</Axis>
</ConstraintGeometry>
<ConstraintGeometry geomType="cylinder">
<InstancePath>
<Uid>union-2</Uid>
</InstancePath>
<Position>0.0049999999999999767 0 0</Position>
<Axis>-1 0 -1.1102230246251565e-16</Axis>
</ConstraintGeometry>
</Concentric>
<Coincident name="Coincidente9">
<ConstraintGeometry geomType="plane">
<InstancePath>
<Uid>barra_L-2</Uid>
</InstancePath>
<Position>0 0 0</Position>
<Axis>-1 0 0</Axis>
</ConstraintGeometry>
<ConstraintGeometry geomType="plane">
<InstancePath>
<Uid>union-2</Uid>
</InstancePath>
<Position>-0.0050000000000000322 0 0</Position>
<Axis>1 0 1.1102230246251565e-16</Axis>
</ConstraintGeometry>
</Coincident>
<Concentric name="Concéntrica7">
<ConstraintGeometry geomType="cylinder">
<InstancePath>
<Uid>union-1</Uid>
</InstancePath>
<Position>0.025000000000000001 0 -0.0099999999999999811</Position>
<Axis>0 0 1</Axis>
</ConstraintGeometry>
<ConstraintGeometry geomType="cylinder">
<InstancePath>
<Uid>barra_l_min-1</Uid>
</InstancePath>
<Position>0.0099999999999999811 0 0</Position>
<Axis>-0.99999999999999978 0 2.2204460492503131e-16</Axis>
</ConstraintGeometry>
</Concentric>
<Coincident name="Coincidente10">
<ConstraintGeometry geomType="plane">
<InstancePath>
<Uid>union-1</Uid>
</InstancePath>
<Position>0.015000000000000006 -0.010999999999999982 0.0050000000000000044</Position>
<Axis>0 0 -1</Axis>
</ConstraintGeometry>
<ConstraintGeometry geomType="plane">
<InstancePath>
<Uid>barra_l_min-1</Uid>
</InstancePath>
<Position>0 0 0</Position>
<Axis>-0.99999999999999978 0 2.2204460492503131e-16</Axis>
</ConstraintGeometry>
</Coincident>
<Coincident name="Coincidente11">
<ConstraintGeometry geomType="circle">
<InstancePath>
<Uid>union-1</Uid>
</InstancePath>
<Position>-0.025000000000000001 0 0.0050000000000000044</Position>
<Axis>0 0 1</Axis>
</ConstraintGeometry>
<ConstraintGeometry geomType="cylinder">
<InstancePath>
<Uid>barra_l_min-2</Uid>
</InstancePath>
<Position>0.010000000000000009 0 0.68999999999999995</Position>
<Axis>-1 0 0</Axis>
</ConstraintGeometry>
</Coincident>
<Coincident name="Coincidente12">
<ConstraintGeometry geomType="plane">
<InstancePath>
<Uid>union-1</Uid>
</InstancePath>
<Position>-0.015000000000000006 -0.010999999999999982 0.0050000000000000044</Position>
<Axis>0 0 -1</Axis>
</ConstraintGeometry>
<ConstraintGeometry geomType="plane">
<InstancePath>
<Uid>barra_l_min-2</Uid>
</InstancePath>
<Position>0 0 0</Position>
<Axis>-1 0 0</Axis>
</ConstraintGeometry>
</Coincident>
<Concentric name="Concéntrica8">
<ConstraintGeometry geomType="cylinder">
<InstancePath>
<Uid>union-2</Uid>
</InstancePath>
<Position>-0.02500000000000005 0 -0.010000000000000009</Position>
<Axis>1.1102230246251565e-16 2.3592239273284576e-16 1.0000000000000002</Axis>
</ConstraintGeometry>
<ConstraintGeometry geomType="cylinder">
<InstancePath>
<Uid>barra_l_min-3</Uid>
</InstancePath>
<Position>0.0099999999999999534 0 0.69000000000000017</Position>
<Axis>-1 -1.1102230246251565e-16 0</Axis>
</ConstraintGeometry>
</Concentric>
<Coincident name="Coincidente13">
<ConstraintGeometry geomType="plane">
<InstancePath>
<Uid>union-2</Uid>
</InstancePath>
<Position>-0.015000000000000013 -0.011000000000000065 0.00500000000000006</Position>
<Axis>-1.1102230246251565e-16 -2.3592239273284576e-16 -1.0000000000000002</Axis>
</ConstraintGeometry>
<ConstraintGeometry geomType="plane">
<InstancePath>
<Uid>barra_l_min-3</Uid>
</InstancePath>
<Position>0 0 0</Position>
<Axis>-1 -1.1102230246251565e-16 0</Axis>
</ConstraintGeometry>
</Coincident>
<Coincident name="Coincidente14">
<ConstraintGeometry geomType="cylinder">
<InstancePath>
<Uid>union-2</Uid>
</InstancePath>
<Position>0.024999999999999994 0 -0.0099999999999999534</Position>
<Axis>1.1102230246251565e-16 2.3592239273284576e-16 1.0000000000000002</Axis>
</ConstraintGeometry>
<ConstraintGeometry geomType="circle">
<InstancePath>
<Uid>barra_l_min-4</Uid>
</InstancePath>
<Position>0 0 0.68999999999999972</Position>
<Axis>1 -1.1102230246251565e-16 0</Axis>
</ConstraintGeometry>
</Coincident>
<Coincident name="Coincidente15">
<ConstraintGeometry geomType="plane">
<InstancePath>
<Uid>union-2</Uid>
</InstancePath>
<Position>0.014999999999999986 -0.01100000000000001 -0.0050000000000000044</Position>
<Axis>1.1102230246251565e-16 2.3592239273284576e-16 1.0000000000000002</Axis>
</ConstraintGeometry>
<ConstraintGeometry geomType="plane">
<InstancePath>
<Uid>barra_l_min-4</Uid>
</InstancePath>
<Position>0 0 0</Position>
<Axis>-1 1.1102230246251565e-16 0</Axis>
</ConstraintGeometry>
</Coincident>
<Concentric name="Concéntrica9">
<ConstraintGeometry geomType="cylinder">
<InstancePath>
<Uid>union-3</Uid>
</InstancePath>
<Position>-0.024999999999999967 0 -0.010000000000000009</Position>
<Axis>1.1102230246251565e-16 0 1.0000000000000002</Axis>
</ConstraintGeometry>
<ConstraintGeometry geomType="cylinder">
<InstancePath>
<Uid>barra_l_min-5</Uid>
</InstancePath>
<Position>0.010000000000000009 0 0</Position>
<Axis>-1.0000000000000002 2.2204460492503131e-16 0</Axis>
</ConstraintGeometry>
</Concentric>
<Coincident name="Coincidente16">
<ConstraintGeometry geomType="plane">
<InstancePath>
<Uid>union-3</Uid>
</InstancePath>
<Position>-0.01499999999999993 -0.010999999999999954 0.0050000000000000044</Position>
<Axis>-1.1102230246251565e-16 0 -1.0000000000000002</Axis>
</ConstraintGeometry>
<ConstraintGeometry geomType="plane">
<InstancePath>
<Uid>barra_l_min-5</Uid>
</InstancePath>
<Position>0.010000000000000009 0 0</Position>
<Axis>1.0000000000000002 -2.2204460492503131e-16 0</Axis>
</ConstraintGeometry>
</Coincident>
<Coincident name="Coincidente17">
<ConstraintGeometry geomType="plane">
<InstancePath>
<Uid>union-3</Uid>
</InstancePath>
<Position>0.015000000000000069 -0.01100000000000001 0.0050000000000000044</Position>
<Axis>-1.1102230246251565e-16 0 -1.0000000000000002</Axis>
</ConstraintGeometry>
<ConstraintGeometry geomType="plane">
<InstancePath>
<Uid>barra_l_min-6</Uid>
</InstancePath>
<Position>0.010000000000000009 0 0</Position>
<Axis>1 0 0</Axis>
</ConstraintGeometry>
</Coincident>
<Coincident name="Coincidente18">
<ConstraintGeometry geomType="circle">
<InstancePath>
<Uid>union-3</Uid>
</InstancePath>
<Position>0.02500000000000005 0 0.0050000000000000044</Position>
<Axis>1.1102230246251565e-16 0 1.0000000000000002</Axis>
</ConstraintGeometry>
<ConstraintGeometry geomType="circle">
<InstancePath>
<Uid>barra_l_min-6</Uid>
</InstancePath>
<Position>0.010000000000000064 -1.1102230246251565e-16 0.68999999999999995</Position>
<Axis>1 0 0</Axis>
</ConstraintGeometry>
</Coincident>
<Concentric name="Concéntrica10">
<ConstraintGeometry geomType="cylinder">
<InstancePath>
<Uid>barra_l_min-1</Uid>
</InstancePath>
<Position>0.0099999999999999256 0 0.68999999999999995</Position>
<Axis>-0.99999999999999978 0 2.2204460492503131e-16</Axis>
</ConstraintGeometry>
<ConstraintGeometry geomType="cylinder">
<InstancePath>
<Uid>union-4</Uid>
</InstancePath>
<Position>0.025000000000000001 1.1102230246251565e-16 -0.010000000000000064</Position>
<Axis>0 0 1.0000000000000002</Axis>
</ConstraintGeometry>
</Concentric>
<Coincident name="Coincidente19">
<ConstraintGeometry geomType="plane">
<InstancePath>
<Uid>barra_l_min-1</Uid>
</InstancePath>
<Position>0.0099999999999999811 0 0</Position>
<Axis>0.99999999999999978 0 -2.2204460492503131e-16</Axis>
</ConstraintGeometry>
<ConstraintGeometry geomType="plane">
<InstancePath>
<Uid>union-4</Uid>
</InstancePath>
<Position>0.015000000000000003 -0.01100000000000001 -0.0049999999999999767</Position>
<Axis>0 0 1.0000000000000002</Axis>
</ConstraintGeometry>
</Coincident>
<Coincident name="Coincidente22">
<ConstraintGeometry geomType="plane">
<InstancePath>
<Uid>barra_l_min-2</Uid>
</InstancePath>
<Position>0 0 0</Position>
<Axis>-1 0 0</Axis>
</ConstraintGeometry>
<ConstraintGeometry geomType="plane">
<InstancePath>
<Uid>union-4</Uid>
</InstancePath>
<Position>-0.015000000000000013 -0.011000000000000121 0.00500000000000006</Position>
<Axis>0 0 -1.0000000000000002</Axis>
</ConstraintGeometry>
</Coincident>
<Concentric name="Concéntrica11">
<ConstraintGeometry geomType="cylinder">
<InstancePath>
<Uid>barra_l_min-2</Uid>
</InstancePath>
<Position>0.010000000000000064 0 -1.1102230246251565e-16</Position>
<Axis>-1 0 0</Axis>
</ConstraintGeometry>
<ConstraintGeometry geomType="cylinder">
<InstancePath>
<Uid>union-4</Uid>
</InstancePath>
<Position>-0.025000000000000001 0 -0.0099999999999999811</Position>
<Axis>0 0 1.0000000000000002</Axis>
</ConstraintGeometry>
</Concentric>
<Coincident name="Coincidente24">
<ConstraintGeometry geomType="cylinder">
<InstancePath>
<Uid>barra_l_min-3</Uid>
</InstancePath>
<Position>0.010000000000000009 0 0</Position>
<Axis>-1 -1.1102230246251565e-16 0</Axis>
</ConstraintGeometry>
<ConstraintGeometry geomType="circle">
<InstancePath>
<Uid>union-5</Uid>
</InstancePath>
<Position>0.024999999999999994 0 -0.0050000000000000044</Position>
<Axis>0 -2.2204460492503131e-16 -1</Axis>
</ConstraintGeometry>
</Coincident>
<Coincident name="Coincidente26">
<ConstraintGeometry geomType="plane">
<InstancePath>
<Uid>barra_l_min-3</Uid>
</InstancePath>
<Position>0.010000000000000009 0 0</Position>
<Axis>1 1.1102230246251565e-16 0</Axis>
</ConstraintGeometry>
<ConstraintGeometry geomType="plane">
<InstancePath>
<Uid>union-5</Uid>
</InstancePath>
<Position>0.014999999999999986 -0.01100000000000001 -0.0050000000000000044</Position>
<Axis>0 2.2204460492503131e-16 1</Axis>
</ConstraintGeometry>
</Coincident>
<Coincident name="Coincidente27">
<ConstraintGeometry geomType="cylinder">
<InstancePath>
<Uid>barra_l_min-4</Uid>
</InstancePath>
<Position>0.0099999999999999534 0 0</Position>
<Axis>-1 1.1102230246251565e-16 0</Axis>
</ConstraintGeometry>
<ConstraintGeometry geomType="circle">
<InstancePath>
<Uid>union-5</Uid>
</InstancePath>
<Position>-0.025000000000000022 0 -0.0050000000000000044</Position>
<Axis>0 -2.2204460492503131e-16 -1</Axis>
</ConstraintGeometry>
</Coincident>
<Concentric name="Concéntrica16">
<ConstraintGeometry geomType="cylinder">
<InstancePath>
<Uid>union-4</Uid>
</InstancePath>
<Position>0.0050000000000000044 0 0</Position>
<Axis>-1 0 0</Axis>
</ConstraintGeometry>
<ConstraintGeometry geomType="cylinder">
<InstancePath>
<Uid>base_movil-1</Uid>
</InstancePath>
<Position>0.049529958664857335 0.0074999999999999512 0.011634228140427361</Position>
<Axis>1 0 0</Axis>
</ConstraintGeometry>
</Concentric>
<Coincident name="Coincidente31">
<ConstraintGeometry geomType="plane">
<InstancePath>
<Uid>union-4</Uid>
</InstancePath>
<Position>0.0050000000000000044 0 0</Position>
<Axis>-1 0 0</Axis>
</ConstraintGeometry>
<ConstraintGeometry geomType="plane">
<InstancePath>
<Uid>base_movil-1</Uid>
</InstancePath>
<Position>0.059529958664857316 0.015000000000000013 0.018634228140427367</Position>
<Axis>1 0 2.7755575615628904e-16</Axis>
</ConstraintGeometry>
</Coincident>
<Concentric name="Concéntrica17">
<ConstraintGeometry geomType="cylinder">
<InstancePath>
<Uid>union-5</Uid>
</InstancePath>
<Position>0.0049999999999999767 0 0</Position>
<Axis>-1 0 0</Axis>
</ConstraintGeometry>
<ConstraintGeometry geomType="cylinder">
<InstancePath>
<Uid>base_movil-1</Uid>
</InstancePath>
<Position>-0.0085584986032625487 0.0074999999999999512 -0.10629843925693847</Position>
<Axis>-0.49999999999999845 0 0.86602540378443971</Axis>
</ConstraintGeometry>
</Concentric>
<Coincident name="Coincidente33">
<ConstraintGeometry geomType="plane">
<InstancePath>
<Uid>union-5</Uid>
</InstancePath>
<Position>-0.0050000000000000044 0 0</Position>
<Axis>1 0 0</Axis>
</ConstraintGeometry>
<ConstraintGeometry geomType="plane">
<InstancePath>
<Uid>base_movil-1</Uid>
</InstancePath>
<Position>0.0070299586648573664 0.015000000000000013 -0.097298439256938513</Position>
<Axis>0.49999999999999883 0 -0.86602540378443948</Axis>
</ConstraintGeometry>
</Coincident>
<Concentric name="Concéntrica24">
<ConstraintGeometry geomType="cylinder">
<InstancePath>
<Uid>union-6</Uid>
</InstancePath>
<Position>0.0050000000000000044 1.1102230246251565e-16 0</Position>
<Axis>-1 -1.6653345369377348e-16 0</Axis>
</ConstraintGeometry>
<ConstraintGeometry geomType="cylinder">
<InstancePath>
<Uid>base_movil-1</Uid>
</InstancePath>
<Position>0.11761841593297762 0.0075000000000000622 -0.10629843925693869</Position>
<Axis>0.49999999999999845 0 0.8660254037844396</Axis>
</ConstraintGeometry>
</Concentric>
<Coincident name="Coincidente36">
<ConstraintGeometry geomType="plane">
<InstancePath>
<Uid>union-6</Uid>
</InstancePath>
<Position>-0.0050000000000000044 0 0</Position>
<Axis>1 1.6653345369377348e-16 0</Axis>
</ConstraintGeometry>
<ConstraintGeometry geomType="plane">
<InstancePath>
<Uid>base_movil-1</Uid>
</InstancePath>
<Position>0.12868059375946861 0.015000000000000013 -0.10113818521909429</Position>
<Axis>0.49999999999999839 0 0.86602540378443948</Axis>
</ConstraintGeometry>
</Coincident>
<Coincident name="Coincidente39">
<ConstraintGeometry geomType="plane">
<InstancePath>
<Uid>barra_l_min-6</Uid>
</InstancePath>
<Position>0 0 0</Position>
<Axis>-1 0 0</Axis>
</ConstraintGeometry>
<ConstraintGeometry geomType="plane">
<InstancePath>
<Uid>union-6</Uid>
</InstancePath>
<Position>-0.015000000000000013 -0.010999999999999899 -0.00500000000000006</Position>
<Axis>0 2.0816681711721685e-16 1.0000000000000002</Axis>
</ConstraintGeometry>
</Coincident>
<Concentric name="Concéntrica27">
<ConstraintGeometry geomType="cylinder">
<InstancePath>
<Uid>barra_l_min-6</Uid>
</InstancePath>
<Position>0.010000000000000009 0 0</Position>
<Axis>-1 0 0</Axis>
</ConstraintGeometry>
<ConstraintGeometry geomType="cylinder">
<InstancePath>
<Uid>union-6</Uid>
</InstancePath>
<Position>0.024999999999999994 1.6653345369377348e-16 -0.010000000000000064</Position>
<Axis>0 2.0816681711721685e-16 1.0000000000000002</Axis>
</ConstraintGeometry>
</Concentric>
<Concentric name="Concéntrica28">
<ConstraintGeometry geomType="cylinder">
<InstancePath>
<Uid>barra_l_min-5</Uid>
</InstancePath>
<Position>0.0099999999999998979 -2.7755575615628914e-16 0.68999999999999995</Position>
<Axis>-1.0000000000000002 2.2204460492503131e-16 0</Axis>
</ConstraintGeometry>
<ConstraintGeometry geomType="cylinder">
<InstancePath>
<Uid>union-6</Uid>
</InstancePath>
<Position>-0.025000000000000022 1.6653345369377348e-16 -0.010000000000000009</Position>
<Axis>0 2.0816681711721685e-16 1.0000000000000002</Axis>
</ConstraintGeometry>
</Concentric>
</Constraints>
</RootAssembly>
<Assemblies>
</Assemblies>
<Parts>
<Part name="BASE-MOTORES" uid="BASE-MOTORES*:*Predeterminado" version="517">
<ModelUnits mass="kilogram" length="millimeter"/>
<PartFile name="BASE-MOTORES.SLDPRT" type="SolidWorks Part"/>
<MassProperties>
<Mass>2.1360308946685631</Mass>
<CenterOfMass>0 0.010113904885127572 -0.16627687752661108</CenterOfMass>
<Inertia>0.024265183266193133 0.048392494302487397 0.024265183266193573 0 0 0</Inertia>
</MassProperties>
<GeometryFile name="BASE-MOTORES_Predeterminado_sldprt.STEP" type="STEP"/>
<VisualProperties>
<Ambient r="0.792156862745098" g="0.81960784313725488" b="0.93333333333333335" a="1"/>
<Diffuse r="0.792156862745098" g="0.81960784313725488" b="0.93333333333333335" a="1"/>
<Specular r="0.396078431372549" g="0.40980392156862744" b="0.46666666666666667" a="1"/>
<Emissive r="0" g="0" b="0" a="1"/>
<Shininess>0.3125</Shininess>
</VisualProperties>
</Part>
<Part name="barra_L" uid="barra_L*:*Predeterminado" version="125">
<ModelUnits mass="kilogram" length="millimeter"/>
<PartFile name="barra_L.SLDPRT" type="SolidWorks Part"/>
<MassProperties>
<Mass>0.040696349540849358</Mass>
<CenterOfMass>0.0050000000000000001 0 0.13500000000000004</CenterOfMass>
<Inertia>0.00025192416140542228 0.0002514888896398747 1.1135442578950241e-06 0 0 0</Inertia>
</MassProperties>
<GeometryFile name="barra_L_Predeterminado_sldprt.STEP" type="STEP"/>
<VisualProperties>
<Ambient r="0.792156862745098" g="0.81960784313725488" b="0.93333333333333335" a="1"/>
<Diffuse r="0.792156862745098" g="0.81960784313725488" b="0.93333333333333335" a="1"/>
<Specular r="0.396078431372549" g="0.40980392156862744" b="0.46666666666666667" a="1"/>
<Emissive r="0" g="0" b="0" a="1"/>
<Shininess>0.3125</Shininess>
</VisualProperties>
</Part>
<Part name="barra_l_min" uid="barra_l_min*:*Predeterminado" version="141">
<ModelUnits mass="kilogram" length="millimeter"/>
<PartFile name="barra_l_min.SLDPRT" type="SolidWorks Part"/>
<MassProperties>
<Mass>0.10369634954084934</Mass>
<CenterOfMass>0.0050000000000000001 0 0.34499999999999986</CenterOfMass>
<Inertia>0.0041355849451230357 0.0041344934233574883 2.8197942578950232e-06 0 0 0</Inertia>
</MassProperties>
<GeometryFile name="barra_l_min_Predeterminado_sldprt.STEP" type="STEP"/>
<VisualProperties>
<Ambient r="0.792156862745098" g="0.81960784313725488" b="0.93333333333333335" a="1"/>
<Diffuse r="0.792156862745098" g="0.81960784313725488" b="0.93333333333333335" a="1"/>
<Specular r="0.396078431372549" g="0.40980392156862744" b="0.46666666666666667" a="1"/>
<Emissive r="0" g="0" b="0" a="1"/>
<Shininess>0.3125</Shininess>
</VisualProperties>
</Part>
<Part name="base_movil" uid="base_movil*:*Predeterminado" version="261">
<ModelUnits mass="kilogram" length="millimeter"/>
<PartFile name="base_movil.SLDPRT" type="SolidWorks Part"/>
<MassProperties>
<Mass>0.26883232633903908</Mass>
<CenterOfMass>0.054529958664857603 0.0074957394546362058 -0.064100798778535265</CenterOfMass>
<Inertia>0.00045940417090270324 0.00090865285375122513 0.00045940417090270232 0 0 0</Inertia>
</MassProperties>
<GeometryFile name="base_movil_Predeterminado_sldprt.STEP" type="STEP"/>
<VisualProperties>
<Ambient r="0.792156862745098" g="0.81960784313725488" b="0.93333333333333335" a="1"/>
<Diffuse r="0.792156862745098" g="0.81960784313725488" b="0.93333333333333335" a="1"/>
<Specular r="0.396078431372549" g="0.40980392156862744" b="0.46666666666666667" a="1"/>
<Emissive r="0" g="0" b="0" a="1"/>
<Shininess>0.3125</Shininess>
</VisualProperties>
</Part>
<Part name="union" uid="union*:*Predeterminado" version="178">
<ModelUnits mass="kilogram" length="millimeter"/>
<PartFile name="union.SLDPRT" type="SolidWorks Part"/>
<MassProperties>
<Mass>0.016381747704246802</Mass>
<CenterOfMass>0 0 0</CenterOfMass>
<Inertia>1.3675378584644592e-06 9.4328594205735613e-06 9.3474717292607956e-06 0 0 0</Inertia>
</MassProperties>
<GeometryFile name="union_Predeterminado_sldprt.STEP" type="STEP"/>
<VisualProperties>
<Ambient r="0.792156862745098" g="0.81960784313725488" b="0.93333333333333335" a="1"/>
<Diffuse r="0.792156862745098" g="0.81960784313725488" b="0.93333333333333335" a="1"/>
<Specular r="0.396078431372549" g="0.40980392156862744" b="0.46666666666666667" a="1"/>
<Emissive r="0" g="0" b="0" a="1"/>
<Shininess>0.3125</Shininess>
</VisualProperties>
</Part>
</Parts>
</SimscapeMultibodyImportXML>
